0
------------------------
[[22.74890108 24.47289193]
 [17.84843112 23.56630062]
 [ 6.07627224 18.6909333 ]
 [ 9.81325114 16.66591996]
 [25.39490165 16.59533913]]
1
------------------------
[[27.44769102 28.36775213]
 [26.97582181 28.55015744]
 [20.87523204 28.67935894]
 [20.47161904 27.25630601]
 [42.69465197 21.85320601]]
2
------------------------
[[29.65683845 30.61222106]
 [29.86553497 31.17272693]
 [29.73289253 31.75619174]
 [37.75129136 31.55664805]
 [56.73380006 29.16521773]]
3
------------------------
[[44.20320977 41.9420208 ]
 [47.34494013 40.90974316]
 [49.39123022 43.09649468]
 [56.35631948 42.67133015]
 [66.63079766 42.82770638]]
4
------------------------
[[51.88440614 49.94256292]
 [55.44622253 51.54415454]
 [62.17335925 50.54648146]
 [70.73350526 52.17840027]
 [82.39898683 57.25265363]]
5
------------------------
[[59.89140762 58.89192476]
 [63.46789816 59.99908137]
 [65.91422855 60.69689578]
 [73.93734435 59.5589097 ]
 [76.85840865 64.94965224]]
6
------------------------
[[62.07878221 60.70557253]
 [65.38653573 62.03557215]
 [71.02449781 60.58873706]
 [80.64834306 63.14303717]
 [88.82609968 65.44897052]]
7
------------------------
[[63.89949071 63.08404658]
 [66.98177505 63.45286472]
 [72.16739785 65.04372437]
 [78.46847964 68.0032051 ]
 [85.37054017 70.75927651]]
8
------------------------
[[61.55037632 61.62046239]
 [63.98864965 62.61531521]
 [67.21403244 65.35317105]
 [70.07825134 64.26794365]
 [78.20461496 66.25200603]]
9
------------------------
[[54.08022403 53.92236639]
 [57.13713013 55.24673121]
 [62.18229023 57.21609564]
 [66.64436564 59.49668094]
 [78.13135543 58.25809649]]
9991
------------------------
[[62.70998334 62.16750602]
 [66.40891793 62.36466612]
 [69.6285112  64.00446303]
 [73.44833184 65.35183232]
 [83.37088918 66.05732507]]
9992
------------------------
[[63.22755557 61.64483533]
 [67.42959231 65.23032199]
 [75.3180318  62.78596132]
 [80.52562392 64.3450117 ]
 [90.57137723 64.47832506]]
9993
------------------------
[[61.31179973 61.10736499]
 [64.88832552 62.72249601]
 [69.64312785 63.62506237]
 [72.83079476 63.3071471 ]
 [81.68197269 67.77689109]]
9994
------------------------
[[63.07928243 62.22018954]
 [65.9562895  63.2442414 ]
 [71.91347441 66.54905511]
 [78.09474611 65.39166322]
 [81.23960017 69.14575271]]
9995
------------------------
[[60.2882092  60.18535558]
 [62.76582643 60.78847636]
 [67.97464143 63.39116922]
 [72.80661926 61.13965734]
 [78.15132281 70.24542304]]
9996
------------------------
[[60.13193513 58.58650504]
 [64.54699398 58.94482826]
 [70.01291015 59.64238903]
 [76.867622   64.34904026]
 [87.84107325 67.22381475]]
9997
------------------------
[[60.59209418 59.99380417]
 [63.94515221 60.5101252 ]
 [68.69555897 61.17400343]
 [74.46245549 64.13355604]
 [78.56129466 62.99221031]]
9998
------------------------
[[58.76751895 58.04303817]
 [61.57831277 58.61631997]
 [67.5318133  60.98979726]
 [72.99042835 63.05162595]
 [85.93121329 72.10538239]]
9999
------------------------
[[63.43240623 61.02015751]
 [67.23629168 61.71135264]
 [70.77717075 65.58123666]
 [74.9060682  64.23801194]
 [88.35129618 64.15908349]]
