First 10 and last 10.


0
------------------------
[[17.03952939 19.66716387]
 [17.73893856 17.31100866]
 [ 9.26277008 18.45263031]
 [ 3.37517979 15.35234195]
 [ 1.17508334 10.47440416]]
1
------------------------
[[25.78482833 27.78562313]
 [23.29779009 27.50306116]
 [16.82793037 25.46655562]
 [ 5.67079532 23.71049203]
 [ 3.81657035 14.01061461]]
2
------------------------
[[29.81424556 31.54871936]
 [28.43781998 31.44699299]
 [20.17731796 29.72843729]
 [11.00614964 23.68103694]
 [10.86285601 24.2924297 ]]
3
------------------------
[[30.54293362 31.98145826]
 [29.64836729 31.69676805]
 [26.2370138  30.64906706]
 [14.77167766 30.47078241]
 [17.1504403  27.48267829]]
4
------------------------
[[30.51020676 31.58946858]
 [29.55758648 31.30861114]
 [27.16379111 31.07613949]
 [18.8766164  31.00146454]
 [17.1504403  30.52446806]]
5
------------------------
[[30.90841174 32.58435784]
 [30.51419721 32.08317424]
 [29.57063502 31.7366306 ]
 [21.8993275  31.8853043 ]
 [17.1504403  30.86731723]]
6
------------------------
[[30.27857249 32.502426  ]
 [30.34239214 32.10627284]
 [30.26207998 31.51628617]
 [24.18958143 31.56960617]
 [21.53851103 34.12834744]]
7
------------------------
[[30.29754591 31.66890396]
 [30.28217614 30.97901357]
 [30.49780331 31.45186575]
 [27.50275491 31.94884011]
 [22.59044232 33.41539348]]
8
------------------------
[[30.67045355 31.80429851]
 [30.57842686 31.85210461]
 [30.45290928 31.94388889]
 [29.0839669  32.14235034]
 [24.49746504 33.85061697]]
9
------------------------
[[30.28333041 32.24130581]
 [30.29796429 31.8725446 ]
 [30.44276963 31.51620079]
 [29.58129234 31.92718868]
 [24.49746504 32.99785701]]
9991
------------------------
[[57.9513604  57.31329501]
 [61.34725802 57.7214859 ]
 [67.19460702 60.17909596]
 [74.62258769 60.62037507]
 [78.56961453 64.84296099]]
9992
------------------------
[[60.39222901 59.45850042]
 [62.71945927 59.58966005]
 [66.98692976 61.07750834]
 [69.66186814 59.08187069]
 [78.97527682 68.25671087]]
9993
------------------------
[[52.94696417 52.73482297]
 [56.63178441 54.24893655]
 [61.8981481  55.4077127 ]
 [69.73131558 58.38314318]
 [77.12376342 58.52927599]]
9994
------------------------
[[56.17714847 55.16862909]
 [59.33381367 56.7564447 ]
 [62.85269837 56.46783138]
 [67.89179407 59.16656551]
 [69.8406785  61.26041922]]
9995
------------------------
[[55.90598787 53.9729545 ]
 [59.16224978 55.58429434]
 [63.9581881  55.41793371]
 [72.12495565 61.26156042]
 [86.32471973 59.72314685]]
9996
------------------------
[[56.77105356 56.36774568]
 [59.45632951 56.87542359]
 [64.45209592 58.10738255]
 [70.22444382 59.21027605]
 [76.47915726 56.85661098]]
9997
------------------------
[[57.94348968 56.09128212]
 [61.61790131 56.85991465]
 [65.29970229 58.40297701]
 [71.0913585  60.27916039]
 [76.79593277 59.53505607]]
9998
------------------------
[[57.09490827 55.73696396]
 [60.44125717 56.88678399]
 [63.77953342 56.9067668 ]
 [72.60605485 58.97492715]
 [72.5420537  62.98891755]]
9999
------------------------
[[57.81672669 57.75997229]
 [60.92570641 59.15988917]
 [64.52000092 60.43097639]
 [69.65526107 59.46071556]
 [78.19996741 61.44933138]]
